36.369759
36.410333
36.449740
36.488094
36.525483
36.561522
36.597125
36.634720
36.674411
36.716322
36.761513
36.809633
36.858237
36.907435
36.957324
37.007259
37.055618
37.101580
37.145169
37.186402
37.226249
37.265499
37.303531
37.340343
37.375910
37.410580
37.445636
37.482333
37.520718
37.560842
37.602342
37.643275
37.681652
37.717403
37.750486
37.780074
37.806360
37.830868
37.853639
37.874739
37.895498
37.916442
37.936228
37.954911
37.972548
37.988704
38.002657
38.014219
38.023479
38.030514
38.036157
38.041742
38.047884
38.054679
38.062250
38.068252
38.070695
38.070372
38.067386
38.061843
38.052023
38.034707
38.008383
37.973178
37.929216
37.873718
37.804195
37.721306
37.625197
37.516015
37.387010
37.230340
37.045256
36.832017
36.590934
36.318142
36.012000
35.675376
35.308715
34.912462
34.497798
34.077097
33.651689
33.221102
32.784730
32.356535
31.951641
31.570315
31.210290
30.869182
30.549226
30.259185
30.003959
29.781974
29.591675
29.431519
29.307047
29.224971
29.185369
29.188472
29.232909
29.310933
29.416775
29.551814
29.717473
29.914705
30.131983
30.358316
30.594997
30.843277
31.103756
31.367011
31.623955
31.874756
32.119560
32.358626
32.591967
32.819553
33.041576
33.258242
33.468988
33.673996
33.873890
34.068742
34.258608
34.444944
34.629201
34.811595
34.992119
35.170762
35.345880
35.517117
35.685426
35.850942
36.013806
36.176062
36.338966
36.502284
36.666105
36.830483
36.995253
37.160774
37.327427
37.495250
37.664250
37.834908
38.006327
38.177494
38.348421
38.519097
38.688936
38.858817
39.029822
39.201996
39.375380
39.553225
39.736045
39.922361
40.112204
40.305576
40.501351
40.698834
40.898113
41.099210
41.302157
41.508682
41.719877
41.935824
42.156637
42.382464
42.614227
42.852602
43.097606
43.349280
43.607646
43.874537
44.148146
44.426286
44.709085
44.996638
45.289030
45.587442
45.892744
46.205137
46.524812
46.851624
47.183677
47.519892
47.860362
48.205283
48.558630
48.922059
49.295138
49.678047
50.071039
50.473804
50.884224
51.301074
51.724633
52.155164
52.594338
53.042900
53.500774
53.968148
54.445161
54.933186
55.433620
55.947074
56.473871
57.014437
57.567338
58.127262
58.691504
59.260185
59.833544
60.414560
61.005421
61.606472
62.218008
62.840238
63.477624
64.131446
64.801244
65.487444
66.190498
66.906092
67.630095
68.361569
69.100642
69.847463
70.610494
71.396931
72.208769
73.046712
73.911503
74.799415
75.705002
76.626534
77.564353
78.518779
79.491382
80.477643
81.474654
82.482484
83.501191
84.533387
85.586910
86.665667
87.770128
88.900759
90.054154
91.217819
92.385719
93.557470
94.732659
95.912487
97.103395
98.308305
99.527004
100.759214
102.000169
103.246401
104.496957
105.751279
107.008742
108.271130
109.535971
110.801122
112.065799
113.329223
114.587311
115.843087
117.098340
118.352146
119.603540
120.842866
122.064131
123.265723
124.446542
125.605525
126.744098
127.867815
128.978074
130.073513
131.152727
132.196817
133.195358
134.146265
135.048332
135.900441
136.710691
137.486574
138.229342
138.938188
139.612355
140.237793
140.817270
141.353853
141.846908
142.295869
142.696198
143.047269
143.349891
143.604574
143.811825
143.966059
144.080890
144.162672
144.211409
144.227111
144.212144
144.160570
144.070312
143.942234
143.777258
143.571386
143.335302
143.074229
142.788790
142.479671
142.148002
141.797935
141.431332
141.048762
140.650732
140.238574
139.819363
139.395990
138.969053
138.539123
138.105297
137.664383
137.215631
136.759447
136.296216
135.827118
135.356557
134.886114
134.415967
133.946320
133.473060
132.994577
132.511031
132.022765
131.530137
131.037987
130.546383
130.054903
129.563607
129.072521
128.579349
128.084961
127.590031
127.094765
126.599364
126.102818
125.604153
125.103347
124.600577
124.096035
123.591344
123.090197
122.593619
122.101632
121.614244
121.126043
120.632180
120.131799
119.625114
119.112308
118.599762
118.090632
117.585364
117.083937
116.586348
116.091628
115.600514
115.113290
114.629913
114.150367
113.672921
113.195824
112.718740
112.241674
111.764623
111.296254
110.843222
110.406576
109.986100
109.581560
109.191697
108.810566
108.436631
108.069791
107.709944
107.362709
107.030064
106.712099
106.408660
106.119636
105.841053
105.573587
105.317541
105.072825
104.839384
104.621155
104.410820
104.206436
104.007959
103.815326
103.632228
103.460481
103.300293
103.151615
103.014398
102.891642
102.778307
102.673109
102.576007
102.486927
102.404726
102.332991
102.272538
102.223373
102.185539
102.162304
102.150282
102.148673
102.157469
102.176666
102.203671
102.234340
102.267930
102.304433
102.343856
102.391315
102.444782
102.503729
102.568169
102.638086
102.713359
102.794880
102.882821
102.977174
103.077954
103.185241
103.295849
103.409259
103.525502
103.644600
103.769472
103.903101
104.046011
104.198273
104.359994
104.525918
104.690330
104.852420
105.012155
105.169522
105.331700
105.499672
105.673436
105.853023
106.038423
106.218884
106.392929
106.560454
106.721348
106.875508
107.026091
107.170374
107.307838
107.438366
107.561874
107.677902
107.792044
107.904985
108.016645
108.126972
108.231943
108.323297
108.399827
108.461347
108.507631
108.532264
108.546353
108.551272
108.546948
108.533321
108.517424
108.496094
108.468861
108.435685
108.396513
108.340750
108.268102
108.178550
108.072033
107.948489
107.807885
107.654488
107.488799
107.310870
107.120770
106.917812
106.708340
106.493041
106.271961
106.045166
105.810265
105.559622
105.292635
105.009373
104.709912
104.382148
104.036579
103.674355
103.295741
102.900973
102.499186
102.090487
101.674927
101.252600
100.823598
100.376231
99.911028
99.428363
98.928590
98.412052
97.879581
97.333673
96.774822
96.203336
95.619546
95.021030
94.418883
93.813971
93.206445
92.596467
91.979094
91.346888
90.699949
90.038795
89.363916
88.675272
87.983008
87.287814
86.589927
85.889547
85.185459
84.477534
83.766006
83.051114
82.333111
81.612731
80.892360
80.172245
79.452494
78.733231
78.012331
77.293762
76.577703
75.864166
75.153168
74.446738
73.745225
73.048547
72.356603
71.669308
70.984669
70.303621
69.625981
68.951558
68.280112
67.614472
66.954058
66.298665
65.648101
65.002200
64.363697
63.734193
63.113291
62.500555
61.895607
61.301942
60.717507
60.141834
59.574474
59.015123
58.469012
57.938172
57.422090
56.920241
56.432109
55.956481
55.489736
55.031334
54.580736
54.137657
53.710083
53.296948
52.897821
52.512323
52.140228
51.785207
51.442945
51.112925
50.794627
50.487727
50.196092
49.916084
49.647444
49.389913
49.143527
48.914227
48.702233
48.507234
48.328930
48.167260
48.026010
47.897758
47.782242
47.679197
47.588412
47.510611
47.442769
47.385035
47.337542
47.300724
47.278937
47.268037
47.268089
47.279153
47.301352
47.334886
47.373895
47.418513
47.468895
47.525522
47.592965
47.668274
47.751858
47.844166
47.945712
48.057852
48.177616
48.305172
48.440675
48.584259
48.735359
48.890310
49.049434
49.213097
49.381933
49.559407
49.744915
49.938705
50.141052
50.352168
50.571464
50.793034
51.017086
51.243831
51.473749
51.709798
51.951151
52.198088
52.450859
52.709580
52.973338
53.241964
53.515614
53.794439
54.078689
54.368971
54.662245
54.958786
55.258845
55.562767
55.871797
56.185712
56.504674
56.828802
57.158097
57.491235
57.824989
58.159399
58.494519
58.830661
59.169961
59.513725
59.862080
60.215117
60.572836
60.933881
61.297047
61.662359
62.029859
62.399465
62.770113
63.140724
63.511358
63.881995
64.252158
64.619049
64.983914
65.346728
65.707490
66.066261
66.423270
66.776113
67.124766
67.469133
67.808969
68.143111
68.472891
68.798203
69.118999
69.434907
69.744380
70.048423
70.346973
70.639917
70.927060
71.207976
71.485948
71.760932
72.032871
72.301566
72.566143
72.825972
73.080984
73.331120
73.576173
73.815589
74.050639
74.281282
74.507451
74.729235
74.947310
75.163430
75.377622
75.589849
75.800037
76.008035
76.214810
76.420325
76.624572
76.827388
77.028188
77.227731
77.425977
77.622969
77.819008
78.015794
78.214055
78.413838
78.615140
78.817722
79.020389
79.222710
79.424691
79.626305
79.827589
80.028732
80.230057
80.431567
80.633262
80.833981
81.029294
81.219941
81.405880
81.587078
81.765590
81.949057
82.135883
82.326074
82.519633
82.715092
82.907281
83.097369
83.285338
83.471154
83.655472
83.840633
84.026543
84.213206
84.400633
84.588750
84.778576
84.974916
85.177786
85.387220
85.603352
85.824406
86.041905
86.255788
86.466015
86.671954
86.873214
87.075574
87.279030
87.483583
87.688466
87.890455
88.086993
88.278031
88.463540
88.644283
88.822817
88.999418
89.174074
89.346791
89.515379
89.673125
89.819535
89.954570
90.078197
90.191048
90.295662
90.393995
90.486036
90.571776
90.649877
90.717333
90.776674
90.827891
90.870990
90.905798
90.931002
90.944139
90.945207
90.934244
90.910535
90.874328
90.832278
90.784390
90.730668
90.670488
90.601496
90.521765
90.431343
90.330265
90.219068
90.100365
89.977879
89.851630
89.721638
89.587785
89.449920
89.308572
89.163734
89.015444
88.864456
88.713312
88.563923
88.416262
88.270302
88.124376
87.975138
87.824222
87.671615
87.517296
87.362225
87.208196
87.054011
86.899647
86.745086
86.590461
86.436268
86.282813
86.130057
85.977980
85.825688
85.670508
85.510726
85.346324
85.177276
85.005044
84.834371
84.668963
84.508732
84.353599
84.204326
84.061759
83.923869
83.790628
83.662005
83.536924
83.413007
83.289760
83.167122
83.045048
82.924240
82.807081
82.695499
82.589431
82.488815
82.395304
82.310813
82.232213
82.159428
82.092402
82.030459
81.971461
81.913531
81.856583
81.800566
81.746771
81.698799
81.658821
81.626759
81.602562
81.585535
81.573874
81.566157
81.562327
81.562341
81.568216
81.581896
81.599943
81.622289
81.648925
81.679179
81.712624
81.750555
81.792969
81.839886
81.893066
81.954256
82.020976
82.093280
82.171200
82.257031
82.355305
82.467311
82.593163
82.732991
82.886119
83.049269
83.218714
83.394578
83.577006
83.769631
83.978874
84.205862
84.450810
84.713919
84.994693
85.290326
85.597829
85.917410
86.249290
86.599247
86.973719
87.368919
87.785206
88.222954
88.680200
89.154511
89.647442
90.159402
90.690756
91.242607
91.812433
92.394074
92.987784
93.593853
94.213143
94.847572
95.498762
96.167073
96.852920
97.559488
98.284777
99.018907
99.762045
100.514375
101.272265
102.033262
102.801682
103.577677
104.361322
105.152059
105.948121
106.748226
107.552352
108.360542
109.175281
109.999336
110.831841
111.672883
112.522537
113.379465
114.238398
115.094147
115.946496
116.795183
117.640872
118.489266
119.346929
120.213930
121.090262
121.974911
122.867464
123.769202
124.680079
125.600077
126.525708
127.449646
128.367665
129.279317
130.184203
131.088340
132.000808
132.923582
133.856487
134.799299
135.748680
136.699808
137.651377
138.603025
139.554294
140.500437
141.437409
142.366736
143.288039
144.200926
145.105232
146.004754
146.904115
147.802885
148.700686
149.591948
150.463514
151.306491
152.120307
152.904389
153.661504
154.398403
155.119041
155.822997
156.509923
157.174136
157.814014
158.434323
159.034569
159.614257
160.167611
160.689200
161.179289
161.637637
162.064032
162.458255
162.825164
163.170327
163.493411
163.794155
164.071525
164.321555
164.540850
164.729281
164.886782
165.013475
165.115027
165.197319
165.260409
165.304279
165.323978
165.319820
165.297176
165.256172
165.196906
165.119812
165.025861
164.915901
164.790279
164.649391
164.495017
164.329718
164.154762
163.970412
163.776963
163.569405
163.343075
163.098252
162.835518
162.555375
162.262371
161.964742
161.667004
161.369378
161.072098
160.770649
160.460491
160.141304
159.813379
159.477012
159.134147
158.785281
158.429690
158.067634
157.699368
157.323711
156.943951
156.564067
156.184152
155.804269
155.423363
155.036906
154.641818
154.238221
153.826252
153.411421
153.002202
152.602183
152.211272
151.829397
151.454525
151.083480
150.714983
150.349023
149.985550
149.625376
149.270270
148.921242
148.578230
148.241184
147.914934
147.604174
147.309670
147.031295
146.768904
146.521417
146.283014
146.049674
145.821378
145.598098
145.382929
145.179894
144.990360
144.814270
144.651560
144.497059
144.346416
144.199077
144.055036
143.914276
143.784468
143.666218
143.556016
143.453824
143.359650
143.270384
143.184775
143.103454
143.026408
142.953611
142.886167
142.821827
142.758392
142.695858
142.634219
142.575293
142.525254
142.487639
142.462430
142.449588
142.447496
142.447504
142.444468
142.438320
142.429106
142.418533
142.410776
142.407903
142.409917
142.416821
142.428067
142.442247
142.458643
142.477275
142.498172
142.519165
142.537132
142.550860
142.560321
142.565524
142.572487
142.586255
142.607888
142.637355
142.674721
142.718680
142.766793
142.818009
142.872361
142.929858
142.993786
143.066573
143.148606
143.239907
143.340501
143.451903
143.577088
143.717379
143.872851
144.043535
144.225385
144.410069
144.594077
144.777390
144.960003
145.145193
145.335971
145.533137
145.736670
145.946580
146.164480
146.387810
146.614650
146.844976
147.078794
147.311525
147.539403
147.761577
147.978009
148.188667
148.396859
148.608526
148.826074
149.049515
149.278891
149.511121
149.741288
149.967616
150.190030
150.408486
150.621363
150.826125
151.021794
151.208258
151.385364
151.565998
151.760679
151.971637
152.198821
152.442164
152.686660
152.922135
153.146783
153.360414
153.562856
153.756965
153.947519
154.136215
154.322997
154.507837
154.695398
154.889548
155.091194
155.300398
155.517210
155.733809
155.933544
156.110240
156.263882
156.394458
156.510088
156.629152
156.758415
156.897995
157.047978
157.201934
157.354327
157.503857
157.650498
157.794263
157.931778
158.057013
158.167898
158.264416
158.346540
158.423036
158.505101
158.595953
158.695616
158.804099
158.915232
159.018175
159.109377
159.188677
159.255961
159.305732
159.343026
159.370577
159.388387
159.396442
159.392965
159.380543
159.360289
159.332064
159.295669
159.259440
159.217219
159.165652
159.104642
159.034141
158.948661
158.852888
158.749092
158.637208
158.517176
158.378373
158.222242
158.050370
157.862613
157.658778
157.439827
157.208982
156.967429
156.715303
156.452746
156.179314
155.886158
155.570431
155.232152
154.871472
154.482087
154.067855
153.630764
153.171060
152.688953
152.178908
151.649638
151.104596
150.544049
149.968242
149.375066
148.762926
148.131850
147.482315
146.814741
146.124262
145.411066
144.675987
143.919612
143.142505
142.342250
141.524292
140.690787
139.842285
138.979282
138.102739
137.218085
136.327106
135.430197
134.527694
133.620970
132.711994
131.801414
130.889482
129.976398
129.064450
128.159170
127.261925
126.372781
125.491777
124.625078
123.776180
122.945393
122.132430
121.337005
120.558053
119.794559
119.046179
118.312677
117.593831
116.894583
116.214648
115.553432
114.910581
114.285753
113.683295
113.101916
112.540738
111.999319
111.477203
110.974288
110.485005
110.007789
109.542269
109.088030
108.646828
108.219503
107.805895
107.405627
107.018363
106.646634
106.286357
105.936423
105.596659
105.266895
104.948411
104.637091
104.331939
104.032823
103.739608
103.452592
103.171846
102.897397
102.629234
102.367345
102.106133
101.843134
101.578165
101.311331
101.042764
100.775046
100.505709
100.234275
99.960769
99.685221
99.411010
99.137458
98.864453
98.592105
98.320504
98.051255
97.784111
97.518960
97.255775
96.994526
96.737780
96.490828
96.254387
96.028371
95.812706
95.610920
95.421293
95.243443
95.077328
94.922931
94.782533
94.652829
94.533232
94.423669
94.324049
94.235991
94.158484
94.091346
94.034587
93.988177
93.952384
93.924760
93.904983
93.893086
93.889091
93.895085
93.907469
93.925717
93.949807
93.979716
94.014353
94.051610
94.091243
94.133280
94.177733
94.226118
94.276861
94.329798
94.384941
94.442309
94.502261
94.564474
94.628921
94.695651
94.764685
94.836543
94.909407
94.983095
95.057661
95.133135
95.205197
95.274534
95.341240
95.405338
95.466823
95.534973
95.608936
95.688674
95.774259
95.865789
95.956926
96.046759
96.135267
96.222459
96.308332
96.390061
96.467048
96.539265
96.606768
96.669563
96.730763
96.795064
96.862828
96.934092
97.008908
97.089850
97.167267
97.240508
97.309569
97.374468
97.431062
97.485911
97.539443
97.591666
97.642596
97.695507
97.753317
97.816203
97.884174
97.957240
98.035239
98.115036
98.196484
98.279602
98.364394
98.449173
98.531234
98.610448
98.686798
98.760284
98.834077
98.912491
98.995693
99.083692
99.176497
99.270839
99.363315
99.453805
99.542306
99.628831
99.715027
99.801118
99.887123
99.973043
100.058883
100.146389
100.237298
100.331647
100.429451
100.530726
100.628937
100.720809
100.806261
100.885267
100.957826
101.025897
101.092849
101.158730
101.223529
101.287210
101.346388
101.399341
101.446046
101.486491
101.520602
101.544616
101.556768
101.557052
101.545486
101.522075
101.486664
101.445895
101.399789
101.348350
101.291536
101.227005
101.152790
101.068921
100.975424
100.872320
100.759004
100.638849
100.511874
100.378104
100.237550
100.089929
99.938937
99.784581
99.626866
99.465876
99.303225
99.139108
98.973525
98.806484
98.637927
98.466469
98.294378
98.121646
97.948272
97.774371
97.601995
97.431762
97.263663
97.097687
96.933665
96.769132
96.604452
96.439659
96.274740
96.109883
95.947507
95.786101
95.625665
95.466183
95.307480
95.147349
94.987164
94.826926
94.666631
94.506560
94.349951
94.194853
94.041240
93.889110
93.738166
93.585380
93.433139
93.281418
93.130205
92.979645
92.831032
92.681935
92.532333
92.382170
92.231195
92.077171
91.922293
91.766540
91.609871
91.452548
91.297042
91.140151
90.981820
90.822028
90.660602
90.496854
90.333791
90.171341
90.009463
89.847975
89.685783
89.521581
89.355355
89.187092
89.017041
88.847541
88.680749
88.516577
88.354944
88.195807
88.039294
87.882972
87.726843
87.570890
87.415216
87.260748
87.108385
86.958158
86.810077
86.664017
86.519131
86.376294
86.235494
86.096733
85.960377
85.828869
85.700357
85.574842
85.452338
85.333464
85.222038
85.117503
85.019866
84.929101
84.845289
84.768508
84.697706
84.632841
84.573886
84.520906
84.474470
84.435673
84.404508
84.380970
84.365255
84.357961
84.356462
84.360700
84.370690
84.386836
84.410880
84.438875
84.470754
84.506486
84.546057
84.589387
84.636257
84.686661
84.740581
84.798255
84.860879
84.928039
84.999708
85.075856
85.155928
85.237008
85.318310
85.399849
85.481649
85.564066
85.648411
85.732184
85.815347
85.897906
85.979887
86.061350
86.142305
86.222806
86.302878
86.382743
86.462864
86.541938
86.620006
86.697076
86.773929
86.854208
86.940784
87.033741
87.133129
87.238734
87.349019
87.462406
87.579033
87.699017
87.822646
87.950575
88.082471
88.218331
88.358198
88.503531
88.659795
88.826447
89.003622
89.191431
89.389056
89.592225
89.797693
90.005486
90.215640
90.429518
90.652214
90.884909
91.127696
91.380675
91.642707
91.909493
92.180609
92.456126
92.736102
93.021321
93.312751
93.604163
93.895556
94.186908
94.478141
94.770041
95.066584
95.367811
95.673767
95.982973
96.289071
96.586735
96.875877
97.156394
97.430039
97.703966
97.982857
98.266797
98.555811
98.847190
99.131688
99.406452
99.671398
99.926436
100.173487
100.418547
100.661874
100.903475
101.143322
101.380042
101.611341
101.842498
102.073519
102.304386
102.535537
102.766165
102.989932
103.206812
103.416749
103.620102
103.820833
104.027952
104.241499
104.461514
104.688239
104.920162
105.150977
105.380680
105.609231
105.834716
106.053572
106.269868
106.483577
106.694666
106.905200
107.120021
107.337977
107.559084
107.783365
108.009780
108.235328
108.458843
108.680288
108.899669
109.115645
109.324783
109.526503
109.720747
109.907505
110.087649
110.265306
110.445658
110.628709
110.814472
111.001616
111.184846
111.358610
111.522844
111.677527
111.823720
111.964976
112.103946
112.240627
112.374995
112.507393
112.640010
112.776199
112.915967
113.059319
113.204351
113.346082
113.482306
113.613007
113.738181
113.860074
113.984743
114.115330
114.251810
114.394182
114.542223
114.694415
114.848262
115.003756
115.160862
115.319453
115.478861
115.638207
115.797503
115.956741
116.115790
116.276376
116.442733
116.614861
116.792782
116.975204
117.157347
117.334460
117.506554
117.673642
117.834703
117.987964
118.133767
118.272086
118.402888
118.527175
118.646849
118.762106
118.872939
118.979311
119.080723
119.176445
119.266794
119.351758
119.431350
119.505387
119.574825
119.642097
119.707175
119.770027
119.828529
119.880161
119.927015
119.969099
120.006391
120.038778
120.064989
120.083153
120.093239
120.095264
120.091697
120.087020
120.082088
120.076861
120.071351
120.063578
120.050626
120.032814
120.010181
119.982716
119.952687
119.925708
119.905424
119.891820
119.884885
119.884797
119.891915
119.906416
119.928334
119.957690
119.993006
120.029660
120.063841
120.095562
120.124837
120.152535
120.181806
120.215589
120.253903
120.296761
120.341145
120.380531
120.411486
120.433979
120.448039
120.454312
120.453552
120.445458
120.430019
120.407213
120.376344
120.337945
120.294307
120.245407
120.191225
120.133051
120.071742
120.006017
119.935914
119.861438
119.784725
119.711632
119.646449
119.589162
119.539783
119.495484
119.452019
119.408436
119.364703
119.320794
119.277641
119.237143
119.200272
119.167046
119.137481
119.117017
119.111099
119.117999
119.137739
119.170325
119.214650
119.267222
119.325178
119.388533
119.457282
119.530432
119.609720
119.698881
